C:\ProgramData\anaconda3\envs\PyTorch\python.exe D:\Code\Mmwave_Training_2\validate.py

=== 分类报告 ===
              precision    recall  f1-score   support

     Class_1       0.96      0.82      0.88       200
     Class_2       0.99      0.99      0.99       200
     Class_3       0.97      0.98      0.97       200
     Class_4       1.00      0.98      0.99       200
     Class_5       0.98      0.97      0.98       200
     Class_6       0.97      0.91      0.94       200
     Class_7       0.98      0.95      0.97       200
     Class_8       0.96      0.98      0.97       200
     Class_9       0.96      0.95      0.96       200
    Class_10       0.92      0.97      0.95       200
    Class_11       0.98      0.95      0.96       200
    Class_12       0.94      0.98      0.96       200
    Class_13       0.96      0.99      0.97       200
    Class_14       0.96      0.98      0.97       200
    Class_15       0.97      0.93      0.95       200
    Class_16       1.00      0.99      1.00       203
    Class_17       1.00      1.00      1.00       220
    Class_18       0.99      0.99      0.99       220
    Class_19       0.99      0.98      0.98       220
    Class_20       0.98      0.99      0.98       220
    Class_21       0.99      0.99      0.99       220
    Class_22       1.00      1.00      1.00       220
    Class_23       0.95      0.97      0.96       220
    Class_24       0.96      0.99      0.98       220
    Class_25       0.98      0.99      0.98       220
    Class_26       0.97      0.94      0.96       220
    Class_27       0.98      1.00      0.99       220
    Class_28       0.98      1.00      0.99       220
    Class_29       0.98      0.99      0.98       220
    Class_30       0.97      0.95      0.96       220
    Class_31       0.97      0.97      0.97       220
    Class_32       0.96      0.98      0.97       220
    Class_33       1.00      1.00      1.00       220
    Class_34       0.96      0.92      0.94       220
    Class_35       0.95      0.96      0.96       220
    Class_36       1.00      1.00      1.00       220
    Class_37       1.00      1.00      1.00       220
    Class_38       0.98      0.98      0.98       220
    Class_39       0.85      0.98      0.91       220
    Class_40       0.99      1.00      0.99       220
    Class_41       0.96      0.99      0.97       220
    Class_42       0.94      0.94      0.94       220
    Class_43       0.94      0.91      0.93       220
    Class_44       0.89      0.87      0.88       220
    Class_45       0.97      0.95      0.96       220
    Class_46       0.97      0.99      0.98       220
    Class_47       0.97      0.95      0.96       220
    Class_48       0.94      0.98      0.96       220
    Class_49       0.94      0.92      0.93       220
    Class_50       0.99      0.95      0.97       220
    Class_51       0.90      0.98      0.94       220
    Class_52       0.88      0.90      0.89       220
    Class_53       0.92      0.91      0.92       220
    Class_54       0.89      0.86      0.88       220
    Class_55       0.90      0.87      0.88       220

    accuracy                           0.96     11783
   macro avg       0.96      0.96      0.96     11783
weighted avg       0.96      0.96      0.96     11783


进程已结束，退出代码为 0